# 97
/home/rishabh.mondal/Brick-Kilns-project/ijcai_2025_kilns/data/processed_data/dhaka_grid_train/images/10039241_2766406.tif
3 640 640 1
0
10
2 495.731200 487.245440 505.261440 507.258240
2 369.738880 457.506560 385.257600 477.493760
2 435.472640 433.868160 453.531520 443.134720
2 352.029440 421.870720 363.960320 441.628800
2 242.161920 395.832320 257.820800 417.683840
2 603.268480 392.565120 623.727360 405.916160
2 337.885440 391.109760 358.111360 403.873920
2 458.075520 386.872320 474.922880 395.118080
2 152.240640 330.047360 164.753920 349.448960
2 59.500160 205.953920 74.506240 223.543040
