# 126
/home/rishabh.mondal/Brick-Kilns-project/ijcai_2025_kilns/data/processed_data/dhaka_grid_train/images/10033738_2741640.tif
3 640 640 1
0
11
2 418.986240 535.729920 430.008320 554.768000
2 572.055040 474.409600 585.943040 494.595200
2 534.888960 470.892160 555.114880 484.094720
2 454.218240 432.865920 466.778240 453.128320
2 165.673600 358.290560 180.330240 378.196480
2 9.552640 213.111040 29.452160 230.392320
2 126.620160 173.883520 145.377920 192.617600
2 463.003520 123.083520 482.995840 136.414720
2 416.609920 108.860800 437.394560 122.140800
2 389.603200 59.742080 408.384000 71.263360
2 190.746240 34.099200 211.251840 47.889280
