# 15
/home/rishabh.mondal/Brick-Kilns-project/ijcai_2025_kilns/data/processed_data/dhaka_grid_train/images/10030986_2727882.tif
3 640 640 1
0
9
2 35.492480 275.884800 55.509120 286.122240
2 620.994560 358.800640 636.000640 380.700800
2 568.519040 346.806400 590.492160 358.698880
2 483.724160 262.439040 496.283520 282.047360
2 405.220480 257.804160 421.788160 280.697600
2 406.711680 224.952320 422.277760 245.045120
2 306.328320 143.026560 318.678400 165.971840
2 368.240640 127.440640 380.753920 148.552960
2 200.282240 77.473920 211.723520 97.007360
