# 45
/home/rishabh.mondal/Brick-Kilns-project/ijcai_2025_kilns/data/processed_data/dhaka_grid_train/images/10055752_2766406.tif
3 640 640 1
0
16
2 455.618560 598.106240 474.376960 609.388160
2 359.359360 587.257600 377.628160 597.263360
2 392.680960 572.937600 414.328320 587.053440
2 457.249920 545.368960 466.757120 564.615680
2 460.488960 515.988480 470.508800 535.005440
2 464.753280 468.967680 477.242880 488.036480
2 533.260160 434.608640 551.761920 444.896000
2 466.990080 418.551680 478.011520 437.441920
2 592.632960 421.487360 610.365440 429.987840
2 469.203840 394.479360 481.786880 413.012480
2 572.010880 386.106880 593.005440 402.903680
2 547.823360 376.048640 565.183360 393.943680
2 480.458240 359.813120 492.528640 378.703360
2 570.752640 331.758080 588.252160 338.752640
2 483.231360 283.458560 494.765440 302.043520
2 495.348480 239.345280 511.659520 258.134400
