# 120
/home/rishabh.mondal/Brick-Kilns-project/ijcai_2025_kilns/data/processed_data/dhaka_grid_train/images/10055752_2763654.tif
3 640 640 1
0
9
2 447.253760 533.375360 463.751040 543.635200
2 606.450560 494.632960 625.534720 507.853440
2 434.600960 487.078400 449.397120 507.904640
2 468.737920 456.042880 482.275840 475.465600
2 566.721280 395.937280 578.279040 416.049280
2 483.511040 164.537600 505.507840 183.451520
2 367.818240 99.116800 387.182080 112.874880
2 455.618560 22.106240 474.376960 33.388160
2 359.359360 11.257600 377.628160 21.263360
