# 68
/home/rishabh.mondal/Brick-Kilns-project/ijcai_2025_kilns/data/processed_data/dhaka_grid_train/images/10053000_2725130.tif
3 640 640 1
0
14
2 415.754880 551.482240 428.245120 572.002560
2 561.274240 465.632000 572.738560 484.880000
2 483.213440 462.093440 521.800960 475.408640
2 510.709760 387.876480 522.290560 407.124480
2 535.456000 279.438080 555.541760 292.066560
2 495.050880 251.786880 505.955840 270.220800
2 453.736960 228.132480 463.267200 246.872320
2 606.503040 378.583040 621.509120 399.435520
2 598.464000 309.966080 618.526720 322.544000
2 478.739840 89.897600 497.264640 99.089280
2 575.511680 72.378880 593.500800 82.640640
2 556.008320 71.131520 574.999040 81.876480
2 481.512320 52.874240 501.482240 67.133440
2 526.205440 49.589760 545.802240 59.902080
