# 2
/home/rishabh.mondal/Brick-Kilns-project/ijcai_2025_kilns/attentive_cyclegan/rainy/video_data_20180803/cam_GoPro_KYT05/20180709/117GOPRO.zip/117GOPRO/G0066511.JPG
3 3000 4000 1
0
12
1 1314.0 1420.0 1629.0 1592.0
1 2072.0 1447.0 2093.0 1469.0
2 2568.0 1283.0 2609.0 1325.0
2 167.0 631.0 247.0 755.0
2 127.0 789.0 212.0 914.0
2 160.0 732.0 221.0 806.0
2 127.0 902.0 179.0 944.0
2 136.0 943.0 198.0 1022.0
2 99.0 1059.0 155.0 1204.0
2 126.0 1015.0 193.0 1071.0
2 1950.0 1362.0 1967.0 1378.0
2 1951.0 1378.0 1968.0 1395.0