# 22
/home/rishabh.mondal/Brick-Kilns-project/ijcai_2025_kilns/attentive_cyclegan/sunny/video_data_20180803/cam_GoPro_KYT02/20180709/114GOPRO.zip/114GOPRO/G0034829.JPG
3 3000 4000 1
0
4
1 2896.0 1583.0 3114.0 1722.0
1 2312.0 1514.0 2359.0 1555.0
1 2171.0 1503.0 2201.0 1534.0
1 2117.0 1490.0 2146.0 1531.0


# 26
/home/rishabh.mondal/Brick-Kilns-project/ijcai_2025_kilns/attentive_cyclegan/sunny/video_data_20180803/cam_GoPro_KYT05/20180709/117GOPRO.zip/117GOPRO/G0066511.JPG
3 3000 4000 1
0
12
1 1314.0 1420.0 1629.0 1592.0
1 2072.0 1447.0 2093.0 1469.0
2 2568.0 1283.0 2609.0 1325.0
2 167.0 631.0 247.0 755.0
2 127.0 789.0 212.0 914.0
2 160.0 732.0 221.0 806.0
2 127.0 902.0 179.0 944.0
2 136.0 943.0 198.0 1022.0
2 99.0 1059.0 155.0 1204.0
2 126.0 1015.0 193.0 1071.0
2 1950.0 1362.0 1967.0 1378.0
2 1951.0 1378.0 1968.0 1395.0


# 35
/home/rishabh.mondal/Brick-Kilns-project/ijcai_2025_kilns/attentive_cyclegan/sunny/video_data_20180803/cam_GoPro_KYT05/20180709/117GOPRO.zip/117GOPRO/G0066978.JPG
3 3000 4000 1
0
11
1 721.0 1350.0 1421.0 1750.0
1 1627.0 1363.0 1706.0 1435.0
1 1759.0 1374.0 1784.0 1401.0
1 3095.0 1274.0 3539.0 1593.0
1 3026.0 1428.0 3116.0 1523.0
1 2959.0 1435.0 3006.0 1479.0
2 481.0 1012.0 591.0 1165.0
2 1364.0 1191.0 1400.0 1228.0
2 1363.0 1230.0 1398.0 1243.0
2 1362.0 1244.0 1397.0 1279.0
2 2610.0 816.0 2741.0 950.0