# 35
/home/rishabh.mondal/Brick-Kilns-project/ijcai_2025_kilns/domain_adaptation/sunny/video_data_20180803/cam_GoPro_KYT05/20180709/117GOPRO.zip/117GOPRO/G0066978.JPG
3 3000 4000 1
0
11
1 721.0 1350.0 1421.0 1750.0
1 1627.0 1363.0 1706.0 1435.0
1 1759.0 1374.0 1784.0 1401.0
1 3095.0 1274.0 3539.0 1593.0
1 3026.0 1428.0 3116.0 1523.0
1 2959.0 1435.0 3006.0 1479.0
2 481.0 1012.0 591.0 1165.0
2 1364.0 1191.0 1400.0 1228.0
2 1363.0 1230.0 1398.0 1243.0
2 1362.0 1244.0 1397.0 1279.0
2 2610.0 816.0 2741.0 950.0