# 37
/home/rishabh.mondal/Brick-Kilns-project/ijcai_2025_kilns/data/processed_data/delhi_airshed/images/8558197_3367201.tif
3 640 640 1
0
9
2 420.801280 616.160000 453.447040 634.582400
2 194.145920 591.774080 211.925120 626.648960
2 243.498880 587.727360 276.866560 610.675840
2 435.854080 562.169600 466.402560 579.341440
2 196.685440 522.315520 228.422400 534.987520
2 19.522560 514.780800 51.329280 531.660160
2 228.352640 496.250880 261.883520 516.857600
2 452.631040 487.199360 468.686080 522.768000
2 229.937280 431.129600 243.754880 459.590400
