# 49
/home/rishabh.mondal/Brick-Kilns-project/ijcai_2025_kilns/data/processed_data/delhi_airshed/images/8560949_3367201.tif
3 640 640 1
0
18
2 451.507200 499.286400 487.578240 518.268800
2 373.912320 488.051200 390.666240 521.543040
2 609.795840 472.076800 625.034880 502.321280
2 583.488000 427.801600 599.822720 462.119680
2 565.079680 428.200960 580.156160 460.016640
2 500.743680 413.132160 534.624640 428.627200
2 293.661440 396.811520 325.888000 411.454720
2 176.896640 394.308480 209.542400 409.804160
2 596.886400 369.201920 633.726720 385.948800
2 554.314240 356.209280 568.528000 397.237120
2 261.924480 334.456320 286.391680 369.893760
2 326.726400 326.496000 344.319360 359.989760
2 153.455360 321.889920 181.487360 337.811200
2 249.295360 249.016320 280.682240 265.337600
2 585.165440 237.699840 606.090880 271.621120
2 411.754240 237.407360 439.111040 252.849920
2 380.880000 181.093120 411.335040 195.923840
2 133.742080 69.260160 153.082240 103.555840
