# 137
/home/rishabh.mondal/Brick-Kilns-project/ijcai_2025_kilns/data/processed_data/delhi_airshed/images/8563701_3350691.tif
3 640 640 1
0
15
2 27.783680 350.526080 55.536000 362.545920
2 419.228800 499.806720 434.724480 527.008000
2 261.429760 468.005120 276.925440 495.632000
2 214.243840 351.642880 229.739520 379.271680
2 143.989120 173.262080 156.991360 203.258880
2 231.906560 164.512640 263.107840 177.490560
2 138.000640 140.499200 163.003520 152.492800
2 281.492480 125.500160 296.498560 153.503360
2 507.052800 111.166080 534.735360 123.559040
2 88.204800 104.145280 119.009920 118.559360
2 121.712640 89.784960 135.950080 119.277440
2 618.504960 11.491200 632.509440 38.511360
2 118.007680 5.374080 143.989120 16.624000
2 118.497280 4.869120 143.500160 16.118400
2 117.402240 4.549760 145.294080 16.437760
