# 25
/home/rishabh.mondal/Brick-Kilns-project/ijcai_2025_kilns/data/processed_data/delhi_airshed/images/8599473_3361698.tif
3 640 640 1
0
10
2 359.644160 527.882240 384.670080 560.215680
2 598.859520 459.648640 628.289280 491.743360
2 462.241280 368.632320 492.976640 405.251840
2 332.194560 325.065600 359.201280 356.283520
2 545.102080 318.252800 573.111040 351.839360
2 411.746560 189.464960 431.436800 216.558720
2 230.669440 181.879680 253.318400 212.114560
2 455.717120 142.622080 482.211200 175.997440
2 338.183040 135.435520 361.648000 171.366400
2 356.474880 41.800320 373.392000 72.648320
