# 153
/home/rishabh.mondal/Brick-Kilns-project/ijcai_2025_kilns/data/processed_data/delhi_airshed/images/8607729_3350691.tif
3 640 640 1
0
15
2 134.743040 592.046080 159.070080 620.416640
2 61.855360 580.107520 92.380160 614.194560
2 169.368960 551.443840 199.964160 576.970240
2 190.131200 543.121280 222.869760 567.876480
2 37.225600 484.995840 72.410880 520.653440
2 216.229120 444.472320 241.347840 475.768960
2 501.674880 398.842880 530.289280 433.649920
2 328.333440 380.840320 361.445120 407.378560
1 442.394880 374.405120 469.867520 406.607360
2 213.688960 329.359360 246.474240 356.642560
2 412.801920 279.659520 439.296000 313.164800
2 240.252800 254.821760 273.737600 290.083200
2 225.363200 230.383360 252.649600 259.635200
2 141.034240 223.256960 173.097600 259.422720
2 61.155840 135.446400 90.213120 169.459200
