# 19
/home/rishabh.mondal/Brick-Kilns-project/ijcai_2025_kilns/data/processed_data/delhi_airshed/images/8607729_3347939.tif
3 640 640 1
0
14
2 117.616000 450.531840 154.409600 482.513280
2 95.806080 422.803200 121.414400 456.646400
2 409.283200 396.935680 435.707520 426.126720
2 61.435520 372.982400 90.400000 409.537280
2 289.442560 322.787840 322.461440 351.474560
2 73.389440 290.778240 109.274240 320.023040
2 228.136320 113.759360 252.858880 143.272320
2 365.266560 92.249600 398.680960 119.980800
2 162.867840 85.815040 194.768000 114.184960
2 309.249280 74.488320 338.795520 107.697280
1 423.590400 50.611840 452.717440 85.389440
2 333.925760 47.314560 364.986880 72.440960
2 134.743040 16.046080 159.070080 44.416640
2 61.855360 4.107520 92.380160 38.194560
