# 168
/home/rishabh.mondal/Brick-Kilns-project/ijcai_2025_kilns/data/processed_data/delhi_airshed/images/8610480_3345187.tif
3 640 640 1
0
14
2 489.459200 526.956800 525.716480 556.724480
2 460.145280 524.458240 492.977280 555.820800
2 232.720640 469.306880 266.344960 495.540480
2 210.374400 435.311360 243.975680 463.751680
2 458.794240 430.659840 484.496000 457.212800
1 204.339200 345.550720 239.688320 374.151040
2 112.064640 333.456640 133.246080 361.100160
2 340.933760 281.012480 373.626240 308.789760
2 221.326720 278.168320 253.296640 308.257920
2 340.537600 257.913600 379.428480 288.561920
2 242.135040 218.759040 275.596160 250.471040
2 295.681920 202.437760 327.722240 236.143360
2 17.996160 191.087360 45.491840 219.530240
2 59.310080 67.877120 93.120640 99.750400
