# 124
/home/rishabh.mondal/Brick-Kilns-project/ijcai_2025_kilns/data/processed_data/delhi_airshed/images/8610480_3350691.tif
3 640 640 1
0
11
2 537.111040 588.722560 572.016640 618.634880
2 266.554880 560.856960 294.167680 589.227520
2 284.101120 531.767680 313.740800 559.660160
2 449.985920 494.674560 477.132160 523.657600
2 377.610880 489.729280 405.502720 515.228800
2 376.189440 433.836160 406.947840 460.480000
2 369.152640 407.165440 391.148800 432.878720
2 204.293120 281.919360 232.860800 313.244800
2 283.845120 258.199040 320.008960 284.817920
2 127.257600 207.407360 154.147840 237.430400
2 287.946240 207.939200 331.799680 222.086400
