# 82
/home/rishabh.mondal/Brick-Kilns-project/ijcai_2025_kilns/data/processed_data/delhi_airshed/images/8615984_3279146.tif
3 640 640 1
0
19
2 574.382720 452.939520 607.051520 472.008960
2 591.066240 300.777600 621.242240 315.324800
2 574.009600 243.512960 605.630080 260.917120
2 403.534720 232.933120 419.426560 268.773120
2 326.848640 202.064640 343.183360 229.309440
2 496.554880 197.647360 521.114880 222.961280
2 275.095680 174.635520 306.902400 190.506240
2 607.051520 168.948480 631.121920 181.644800
2 440.374400 163.896320 455.217920 186.247040
2 176.436480 162.150400 190.044160 187.543680
2 416.909440 158.658560 435.946880 186.750080
2 252.888960 161.674240 267.848960 183.470080
2 462.814080 152.099200 495.599360 169.556480
2 284.462720 141.360000 312.051840 154.003200
2 582.095360 116.362880 612.504320 131.334400
2 251.980160 59.173760 280.571520 75.072000
2 331.765120 55.841280 361.428480 72.981760
2 445.081600 26.584960 475.187200 48.619520
2 331.835520 21.982080 361.335040 39.678720
