# 157
/home/rishabh.mondal/Brick-Kilns-project/ijcai_2025_kilns/data/processed_data/delhi_airshed/images/8615984_3284649.tif
3 640 640 1
0
13
2 82.040960 514.629760 100.636160 540.056320
2 53.496320 244.711680 66.499200 267.785600
2 67.966720 199.621120 97.466880 215.974400
2 204.095360 546.935040 229.983360 564.318720
2 83.159680 483.143680 117.482880 511.057280
2 185.430400 435.199360 210.573440 460.309120
2 298.933120 374.739200 323.423360 402.045440
2 249.253760 327.189760 267.848960 352.142080
1 270.575360 269.558400 285.091840 300.861440
2 190.952960 255.930880 215.000320 270.008320
2 153.507200 246.008320 165.507840 266.992000
2 182.774400 232.301440 211.831680 247.278080
2 105.179520 210.973440 136.940160 227.776000
