# 31
/home/rishabh.mondal/Brick-Kilns-project/ijcai_2025_kilns/data/processed_data/delhi_airshed/images/8618735_3369953.tif
3 640 640 1
0
9
2 197.704960 555.098240 230.211200 591.312640
2 450.435200 528.762880 480.261120 563.006720
2 419.141120 509.137280 446.264320 544.952960
2 262.390400 421.687040 302.819200 456.891520
2 270.686080 383.447040 307.339520 409.224320
2 361.608960 224.008960 392.530560 242.997120
2 492.238720 218.389760 526.165760 233.436160
1 319.619840 201.664640 348.863360 219.640960
2 561.397760 179.347200 587.542400 214.261760
