# 52
/home/rishabh.mondal/Brick-Kilns-project/ijcai_2025_kilns/data/processed_data/delhi_airshed/images/8618735_3342435.tif
3 640 640 1
0
28
2 41.980160 595.681280 75.045120 616.673920
2 271.897600 604.795520 288.977920 636.017920
2 415.249920 529.036800 431.560960 553.643520
2 286.600960 492.285440 301.071360 520.851840
2 363.263360 436.746240 379.971200 465.552640
2 141.758080 549.232000 160.748800 584.440960
2 95.340800 539.958400 111.232640 571.101440
2 39.090560 449.661440 63.697280 464.277120
2 208.027520 428.136320 239.065600 447.854080
2 245.799680 342.061440 273.948160 373.153920
2 234.149120 333.079040 258.592640 363.347840
2 50.857600 332.786560 80.847360 357.979520
2 132.273920 283.011200 164.593280 312.084480
2 95.410560 242.323840 129.361280 271.716480
2 157.696000 214.578560 189.200000 237.274240
1 357.368320 343.018240 384.398080 374.376320
2 467.748480 285.642240 501.279360 311.393920
2 269.847040 249.977600 296.224640 282.160640
2 347.208960 230.231680 380.064000 261.458560
2 600.917760 206.817920 631.489280 230.125440
2 555.595520 201.157120 582.462720 233.660160
2 312.606080 202.007680 344.715520 229.221760
2 321.250560 170.594560 350.587520 199.350400
1 362.634240 95.168640 389.711360 125.174400
2 443.957120 87.594240 472.711680 115.287680
2 588.171520 76.405120 615.504640 111.965440
2 261.481600 3.582080 291.657600 33.934080
2 246.522240 88.072960 281.008640 121.134720
