# 183
/home/rishabh.mondal/Brick-Kilns-project/ijcai_2025_kilns/data/processed_data/delhi_airshed/images/8621487_3342435.tif
3 640 640 1
0
14
2 499.596160 362.550400 533.430400 393.350400
2 276.202880 196.798720 309.594240 219.627520
2 498.011520 164.933760 525.950720 194.061440
2 266.905600 154.170240 287.527680 180.108800
2 450.359680 119.327360 480.535680 150.794880
2 140.447360 378.469120 169.084800 401.163520
2 24.917760 206.817920 55.489280 230.125440
2 236.496640 143.937920 266.509440 164.056320
2 119.056640 101.095680 150.187520 124.935040
2 12.171520 76.405120 39.504640 111.965440
1 46.867840 77.787520 79.397120 101.626880
2 358.481280 35.502080 382.505600 60.990080
2 357.735680 32.525440 385.744000 62.504960
2 342.496000 14.266240 370.924160 42.757760
