# 57
/home/rishabh.mondal/Brick-Kilns-project/ijcai_2025_kilns/data/processed_data/delhi_airshed/images/8621487_3345187.tif
3 640 640 1
0
27
2 175.679360 551.966720 200.519040 583.356160
2 211.284480 517.042560 241.134080 541.654400
2 71.334400 486.955520 104.282880 516.803200
2 17.041280 469.439360 52.180480 505.082240
2 358.481280 611.502080 382.505600 636.990080
2 357.735680 608.525440 385.744000 638.504960
2 342.496000 590.266240 370.924160 618.757760
2 292.444160 549.388800 324.880000 578.519040
2 352.166400 503.806080 377.472000 537.242240
2 307.404160 434.753280 335.994880 465.213440
2 333.385600 388.637440 365.634560 418.433280
2 437.660160 294.755200 468.325120 324.100480
2 373.278080 281.464320 403.477120 310.969600
2 234.190080 422.208000 266.253440 458.621440
2 98.341120 422.074880 129.658880 446.421760
2 98.760320 421.729280 131.802240 445.438080
2 135.856640 364.449280 166.941440 393.475200
2 180.642560 356.581760 210.935040 385.102080
2 148.043520 349.617280 180.153600 378.324480
2 104.073600 303.048320 131.103360 332.579200
2 190.103040 277.131520 215.804800 309.480960
2 161.884800 163.149440 191.571200 198.317440
2 297.920000 233.511680 328.305280 267.589120
2 229.553280 162.830720 261.616000 193.426560
2 67.699200 142.947200 99.669120 171.975040
2 146.458880 129.097600 175.982720 166.525440
1 111.273600 53.123840 138.652800 87.336320
