# 189
/home/rishabh.mondal/Brick-Kilns-project/ijcai_2025_kilns/data/processed_data/delhi_airshed/images/8632494_3350691.tif
3 640 640 1
0
8
2 333.456640 576.438400 358.342400 603.186560
2 489.530880 569.392000 520.312320 601.564800
2 406.110720 565.031040 437.521920 595.555840
2 258.471680 397.353600 286.736640 428.039040
2 424.589440 302.528640 454.438400 329.678720
2 66.582400 139.382400 99.297920 168.315520
2 194.088960 91.327360 228.458880 125.766400
2 26.106880 68.057600 58.729600 97.842560
