# 166
/home/rishabh.mondal/Brick-Kilns-project/ijcai_2025_kilns/data/processed_data/delhi_airshed/images/8635246_3292904.tif
3 640 640 1
0
12
1 382.221440 611.058560 412.769920 635.150080
2 509.238400 376.833280 533.123200 398.490880
2 591.749760 357.346560 615.377920 385.438080
2 562.949120 353.825280 586.810240 372.888320
2 577.256320 187.045120 599.882240 203.355520
1 614.655360 159.852160 633.669760 189.004800
2 566.211200 149.048960 589.373440 165.465600
2 455.738240 100.858240 479.040000 122.067200
1 200.538240 479.638400 229.665280 513.553280
2 96.449280 253.557120 128.139520 278.101760
2 5.292800 83.461120 26.707200 108.536960
2 249.215360 76.576640 270.955520 98.766080
