# 68
/home/rishabh.mondal/Brick-Kilns-project/ijcai_2025_kilns/data/processed_data/delhi_airshed/images/8635246_3347939.tif
3 640 640 1
0
9
2 272.144000 502.318720 299.802880 535.336320
2 446.021120 481.822080 476.243840 511.543680
2 108.799360 457.443840 140.792320 490.355840
2 170.548480 424.983680 199.279360 453.934720
2 145.079680 410.707200 180.941440 435.404800
2 195.644800 332.757760 229.152640 364.793600
2 409.600640 384.573440 447.349120 423.415040
2 378.329600 310.000000 410.882560 341.265280
2 326.204160 175.762560 354.678400 205.327360
