# 102
/home/rishabh.mondal/Brick-Kilns-project/ijcai_2025_kilns/data/processed_data/delhi_airshed/images/8637998_3347939.tif
3 640 640 1
0
8
2 250.817280 587.893120 277.614080 617.294080
1 316.272000 523.347200 350.548480 558.092160
2 165.090560 524.915200 195.569280 553.573120
2 501.870080 509.177600 533.443840 531.029760
2 250.211840 451.887360 282.204800 483.496960
2 107.535360 429.184000 143.396480 463.717760
2 37.304320 367.665280 69.064320 399.541120
1 216.307840 277.484800 248.254080 299.392000
